202
758
885
602
149
519
218
116
304
505
755
416
745
92
758
727
106
535
544
467
516
107
474
737
242
378
636
514
348
809
593
416
648
851
153
97
438
217
473
129
568
829
13
898
804
308
992
91
139
8
392
749
67
179
647
94
283
148
359
770
883
704
767
494
911
339
767
893
938
660
289
888
61
415
899
687
93
575
933
934
386
544
374
339
417
844
348
469
204
58
814
290
858
702
245
863
61
518
987
464
540
98
152
479
719
504
687
652
280
960
0
707
214
424
384
338
329
428
77
67
990
298
689
879
845
999
30
359
169
35
625
575
588
468
393
287
391
895
620
913
156
696
188
244
58
106
75
433
318
906
533
633
441
919
473
242
409
272
633
720
473
328
482
244
334
425
119
746
31
96
947
434
807
164
911
294
109
445
821
739
924
597
40
262
502
991
133
668
994
151
878
118
262
899
439
827
213
944
909
632
987
328
402
221
959
99
825
277
8
179
132
963
451
894
796
876
288
220
742
342
292
450
752
879
217
828
171
907
724
84
80
165
535
189
751
595
194
818
302
402
166
856
660
814
18
915
667
368
103
563
539
993
202
566
340
537
576
522
4
131
927
917
552
924
99
967
428
261
142
200
681
469
917
339
176
435
790
937
860
302
160
802
804
161
544
86
962
969
849
214
19
672
814
171
474
248
303
735
715
51
486
406
226
903
881
69
76
863
389
904
747
638
661
701
971
125
113
391
379
12
5
458
412
928
181
9
655
746
864
928
132
54
222
809
815
754
576
901
279
475
10
99
579
944
467
380
10
112
199
349
134
911
356
702
46
28
993
297
722
872
414
329
999
460
771
692
416
852
886
216
548
212
112
904
2
906
879
467
460
800
999
542
546
514
793
220
698
520
763
787
760
279
179
407
60
680
99
118
173
774
964
157
226
982
801
922
799
451
700
140
148
525
836
921
872
871
783
484
667
550
993
895
89
99
455
269
32
704
843
321
806
760
294
686
835
841
316
563
712
871
421
246
820
623
638
235
442
257
534
188
897
615
451
622
780
68
68
126
526
532
889
95
608
379
333
388
230
150
86
31
555
219
771
795
129
747
75
465
460
220
826
775
169
654
423
191
308
672
905
766
772
189
36
180
981
325
638
440
289
249
4
291
171
503
633
678
843
656
492
33
993
602
665
306
705
113
925
953
955
142
79
557
245
319
258
365
183
591
813
803
108
634
176
211
215
534
604
666
21
745
347
652
180
871
773
170
523
730
474
867
400
685
485
146
170
447
46
851
245
267
494
251
842
688
925
358
426
454
91
171
509
259
931
210
794
426
377
373
546
87
841
453
117
945
403
422
149
29
40
768
488
753
420
753
250
96
810
491
946
414
743
68
639
303
358
141
753
274
352
743
69
673
304
157
426
41
134
896
285
502
208
396
413
322
683
756
838
178
960
698
616
886
426
131
344
772
814
814
587
262
668
874
677
297
699
814
449
263
327
208
961
913
206
443
205
347
654
316
619
602
302
575
314
653
126
182
246
172
813
653
227
320
309
23
833
334
719
116
623
868
306
575
851
751
736
702
679
983
926
997
117
497
194
984
959
93
560
23
170
516
568
276
449
673
980
641
604
183
609
871
627
538
692
751
295
727
724
562
917
424
502
263
246
816
535
730
125
324
63
740
773
695
945
107
300
30
125
177
771
94
98
496
373
54
369
579
804
443
689
232
368
997
106
746
13
305
30
633
138
250
516
279
119
869
98
932
592
585
450
265
601
547
791
822
325
6
889
191
446
956
925
682
635
831
371
776
588
199
94
995
999
491
38
520
578
819
376
504
956
436
986
219
992
423
630
821
205
284
420
6
415
838
186
182
325
834
643
288
497
321
344
393
491
455
265
110
508
270
244
506
629
385
235
10
969
705
690
212
201
550
570
304
779
87
579
161
304
856
195
744
175
88
6
634
92
593
727
536
158
520
312
934
39
913
377
29
602
176
212
619
143
431
87
946
751
40
614
404
875
104
805
652
75
500
330
540
379
601
917
376
977
153
53
681
237
635
264
865
709
550
558
127
643
576
600
744
1
59
883
52
978
323
660
53
714
660
859
539
583
836
650
1
259
836
641
990
377
405
709
115
775
748
694
325
546
677
8
498
900
585
539
319
718
865
397
654
493
0
966
577
775
724
282
873
900
557
868
807
935
609
367
595
350
767
276
229
629
335
507
37
651
361
639
997
297
331
283
393
438
987
497
376
439
132
339
51
466
821
425
989
808
201
563
290
218
943
968
950
589
167
24
157
492
928
925
414
85
284
576
569
273
474
368
947
112
990
156
218
428
225
762
808
910
518
228
449
798
348
779
353
362
332
804
270
962
339
884
510
206
925
965
182
244
856
715
333
833
615
177
227
787
750
522
364
404
216
247
974
699
475
616
736
505
222
206
940
670
97
985
772
106
645
11
502
259
580
563
54
803
895
616
182
170
551
566
611
810
440
865
746
92
909
810
731
309
228
676
22
649
774
663
735
630
404
120
141
739
19
104
823
653
193
171
804
858
433
565
953
656
594
130
229
232
239
680
196
834
280
193
30
904
540
404
28
231
881
552
766
430
424
872
790
335
41
92
899
738
6
872
875
662
722
366
54
644
433
503
390
724
924
307
459
826
74
919
112
788
142
572
977
881
799
523
231
722
339
893
190
146
781
458
828
407
317
367
181
174
349
384
798
378
161
42
506
116
413
964
261
122
980
110
596
433
895
994
863
199
134
332
305
539
313
244
942
466
478
51
509
706
738
937
438
757
774
599
719
757
16
115
308
374
632
68
165
671
861
395
512
322
504
982
40
17
79
258
65
917
99
40
638
361
455
555
383
42
671
838
658
296
275
105
183
19
23
930
907
245
78
271
604
83
539
186
201
756
897
421
678
516
533
802
658
975
477
946
919
76
684
123
999
23
736
216
47
399
798
21
993
148
350
820
838
828
436
554
822
268
353
627
145
250
159
142
762
472
447
207
541
76
10
831
560
955
271
581
346
322
138
802
957
876
427
530
165
713
963
829
539
922
124
651
722
56
978
748
863
594
454
575
951
591
479
916
137
519
259
883
556
854
207
500
129
551
670
268
823
629
976
48
508
617
667
619
952
359
108
504
976
523
718
751
868
563
850
365
397
510
392
645
454
80
272
684
714
624
521
171
385
709
925
233
618
405
66
334
924
859
964
777
411
754
906
33
136
456
631
566
700
305
871
312
237
330
594
428
344
982
904
328
838
936
119
267
598
484
133
462
496
516
440
537
546
614
234
699
173
239
548
258
992
954
471
80
837
612
995
287
811
638
989
942
955
636
939
475
635
639
434
652
322
169
69
183
864
334
766
623
96
894
254
105
434
645
335
883
465
38
429
986
488
846
650
858
527
498
582
910
675
759
64
534
804
896
936
823
885
287
215
503
845
372
191
917
383
883
508
309
300
55
9
596
210
448
163
476
518
210
656
366
752
856
947
337
830
720
300
537
709
512
998
178
823
925
140
115
654
733
475
643
990
272
609
619
749
467
323
356
732
459
304
675
630
849
751
989
425
853
87
662
583
970
599
787
57
831
773
284
308
47
821
785
735
12
376
479
246
327
588
362
396
944
805
249
207
323
547
973
174
150
690
800
646
812
60
20
673
822
562
917
693
39
47
685
638
519
939
618
473
272
742
97
265
724
265
639
164
349
579
734
284
800
110
157
357
20
138
922
952
355
805
424
765
670
669
357
896
120
611
688
383
929
500
902
407
593
534
922
546
420
855
323
242
828
632
893
929
890
327
617
381
16
665
117
466
318
332
595
54
908
743
44
737
891
350
355
300
207
749
764
485
216
376
532
500
482
181
936
37
776
427
5
792
994
307
366
263
382
435
89
261
939
867
637
677
810
585
351
478
277
593
721
141
563
131
164
640
132
616
984
137
395
557
278
480
737
252
743
584
983
91
917
772
660
502
546
348
738
854
690
896
830
458
760
183
706
864
228
862
142
726
130
766
451
951
865
382
589
156
940
557
842
766
494
185
675
949
480
60
585
815
901
278
925
87
307
937
796
95
774
872
23
881
441
256
960
151
320
708
637
163
759
581
914
132
53
63
963
574
507
756
383
167
276
326
825
852
840
363
644
928
585
494
382
67
534
961
324
237
225
524
629
771
423
421
55
319
363
793
34
243
973
221
587
17
488
856
604
115
431
107
310
956
64
708
578
265
199
847
598
92
738
726
349
983
127
611
744
854
271
505
489
47
329
400
955
363
906
364
578
678
356
209
806
117
213
672
707
714
843
790
119
516
194
941
504
247
871
604
889
877
112
749
844
925
618
263
626
664
753
215
358
835
268
920
736
529
919
232
769
454
904
29
11
481
386
972
852
388
895
708
491
302
474
701
565
606
365
880
498
950
46
42
961
628
431
284
247
273
204
975
327
639
834
435
972
82
738
362
539
646
410
237
769
45
723
56
360
567
354
129
163
39
734
819
408
862
67
383
49
101
725
578
183
920
381
852
468
39
728
483
868
2
340
852
539
808
273
915
904
374
923
679
919
75
811
287
904
14
26
110
14
354
313
437
921
831
53
848
664
870
587
320
838
871
260
161
698
882
280
599
588
151
478
675
177
45
659
108
108
93
948
453
12
618
468
514
689
903
931
707
754
424
251
33
787
602
841
48
814
650
589
21
734
427
521
862
875
638
260
875
172
945
740
570
922
134
308
220
403
746
471
795
951
572
844
164
900
444
887
574
204
611
294
457
504
926
719
585
96
605
638
51
643
55
534
809
683
680
110
652
294
620
645
67
178
793
70
161
582
357
962
431
750
685
671
561
650
282
66
996
415
722
123
797
108
420
152
896
38
34
480
219
333
235
280
583
966
226
279
710
856
557
3
739
643
207
301
957
383
973
158
401
613
114
237
572
497
847
959
758
641
173
123
547
877
742
97
514
405
88
595
424
3
356
140
857
719
384
154
901
119
194
512
64
876
78
605
219
997
707
86
118
267
520
69
682
434
455
861
900
110
786
552
295
378
734
397
257
974
379
852
112
692
58
639
446
661
58
671
798
136
877
517
697
2
476
157
483
286
458
423
263
522
254
791
332
641
217
686
141
681
348
245
617
855
973
425
209
881
622
21
375
784
62
763
232
268
855
292
901
577
914
970
516
956
588
590
438
266
306
805
443
371
529
117
788
632
899
841
29
50
947
601
664
436
47
479
459
490
558
63
786
925
785
564
767
377
729
661
266
383
987
942
574
816
577
4
254
945
974
599
369
13
263
850
629
312
306
79
908
109
130
947
707
242
19
518
586
965
350
411
903
237
575
646
63
5
26
847
859
43
224
513
516
959
694
772
661
934
934
454
71
649
753
157
252
39
234
332
797
59
418
288
595
563
696
131
438
617
787
624
285
458
219
864
884
616
431
748
547
246
856
651
31
895
339
253
484
418
393
24
771
694
50
799
625
935
918
952
262
563
334
44
147
310
168
612
430
888
272
636
607
485
784
550
202
766
257
699
223
442
646
19
224
762
853
591
408
419
239
948
698
479
485
984
912
812
504
720
727
727
823
595
145
756
417
285
910
499
597
859
678
218
728
820
916
314
820
384
457
577
204
10
649
324
938
127
999
799
637
390
261
537
972
496
619
50
874
467
345
567
680
908
822
380
270
479
750
665
68
598
992
120
263
149
522
813
946
821
818
289
285
110
861
207
597
140
245
232
201
865
440
353
38
889
896
295
187
268
53
458
377
334
731
39
397
141
274
822
973
805
104
53
648
56
282
569
47
615
782
129
234
517
464
202
158
639
81
373
253
226
626
677
767
360
911
951
379
822
809
456
866
422
258
395
761
387
704
982
607
327
248
572
486
924
223
859
869
529
881
758
59
901
569
747
179
426
285
288
144
330
190
224
805
326
263
811
259
68
440
771
934
99
765
925
978
54
191
843
136
51
81
850
941
51
397
965
853
511
216
335
101
416
837
277
136
23
766
159
660
412
600
801
88
109
823
959
135
643
769
125
235
442
152
92
248
340
283
754
929
298
958
748
852
105
669
518
261
488
789
954
287
31
182
724
451
280
761
831
227
437
829
209
742
90
99
658
264
745
28
796
740
11
230
362
453
852
948
982
439
305
698
647
854
814
837
203
260
428
641
967
578
452
527
492
468
749
5
761
5
11
254
516
459
992
214
276
801
820
270
599
332
778
391
922
738
182
354
927
253
896
398
836
103
61
218
287
484
738
893
704
846
187
977
428
50
182
187
862
600
561
401
440
157
42
635
800
60
605
753
286
394
78
508
108
613
418
412
398
774
926
792
63
926
565
753
145
801
963
871
556
994
492
327
692
495
957
678
61
425
418
227
878
984
607
310
767
678
868
814
632
769
788
88
674
768
337
514
592
288
490
998
97
733
197
291
901
751
816
613
655
740
350
972
355
699
913
79
318
255
985
466
932
148
239
786
206
404
652
923
157
443
85
772
935
419
129
145
787
316
408
16
862
254
158
892
418
815
732
975
855
258
195
337
303
23
65
949
494
410
85
497
98
893
456
212
654
577
37
936
569
768
291
2
846
968
604
678
989
346
367
390
672
677
67
898
248
748
469
912
353
180
650
376
231
911
917
969
798
946
238
840
778
795
405
87
966
192
491
334
419
387
959
147
42
694
824
420
825
557
964
905
108
125
582
388
117
915
771
934
51
635
879
42
108
526
611
876
272
980
931
55
257
134
492
966
220
503
334
536
87
496
143
240
982
332
732
653
212
16
970
51
421
556
283
784
507
916
39
515
83
948
148
844
625
908
647
974
632
616
168
614
580
234
847
554
491
638
60
775
794
958
663
255
10
880
634
700
850
708
458
304
464
818
453
138
348
299
615
74
685
757
20
596
848
355
471
186
709
729
292
868
856
263
720
124
284
893
834
745
274
947
123
923
158
863
150
761
781
708
206
191
23
986
90
37
937
67
406
654
409
447
991
121
415
589
447
200
98
328
854
454
465
869
800
738
634
97
437
984
205
709
405
1
522
100
845
869
173
683
186
216
486
179
336
826
955
1
507
568
416
949
663
452
853
751
726
154
186
352
402
840
629
422
448
699
41
990
598
315
744
577
27
414
141
637
968
285
532
973
782
632
589
868
568
256
45
953
147
771
374
690
683
820
280
346
587
64
730
636
784
965
402
192
824
838
922
249
310
216
782
441
621
212
570
770
250
760
853
192
654
88
842
827
940
53
894
206
133
795
50
904
554
895
188
816
229
397
44
730
333
796
642
930
989
933
68
471
250
510
96
826
211
538
982
695
123
575
251
770
944
716
115
515
165
878
886
726
23
753
540
853
716
123
858
857
446
911
837
7
985
422
955
623
699
224
692
16
913
493
693
653
145
273
786
617
681
127
765
110
46
342
447
496
969
242
109
87
679
124
249
211
737
243
785
521
761
491
815
941
185
869
813
530
60
886
707
442
336
241
176
318
146
727
960
643
975
458
653
456
114
605
337
788
243
482
916
901
488
264
856
189
311
823
924
177
529
916
436
83
535
667
751
437
948
930
64
10
282
142
545
302
838
359
827
580
531
24
286
578
970
805
954
71
385
987
7
323
802
783
114
59
21
570
920
447
853
899
839
313
417
906
618
346
719
553
350
952
996
343
645
504
629
858
112
729
712
679
52
961
923
741
207
499
28
486
280
268
438
380
726
632
184
973
160
64
186
608
352
832
636
54
326
459
137
609
429
163
457
191
734
174
847
878
389
676
698
119
318
233
272
82
513
616
617
13
319
655
697
48
543
103
326
220
324
869
414
748
361
418
56
117
811
247
645
551
784
306
584
483
365
67
290
118
559
554
540
710
841
124
290
773
466
408
647
630
848
627
554
520
262
950
757
899
177
155
270
266
970
65
228
13
71
213
683
475
813
207
660
770
328
703
906
237
127
282
650
403
599
14
703
157
751
63
221
414
310
390
941
404
283
273
740
776
895
277
702
252
725
172
817
640
966
783
192
558
44
519
772
894
504
867
667
956
361
70
261
8
992
268
165
423
265
256
487
54
963
129
341
850
580
398
677
427
197
63
190
968
871
662
370
790
617
47
899
415
606
784
414
825
16
694
260
456
6
394
374
710
295
137
595
914
178
922
314
106
189
239
758
298
880
292
136
329
898
375
805
218
357
72
447
179
715
516
834
886
138
221
420
802
688
480
672
733
67
455
611
695
732
793
225
366
25
116
944
723
557
930
557
631
589
155
352
223
690
416
199
661
88
428
967
968
819
956
609
399
620
403
262
443
763
109
485
563
847
80
154
599
571
110
328
207
664
789
213
533
128
449
43
651
256
950
607
304
825
257
547
69
506
545
103
153
668
114
867
479
669
788
376
609
261
599
90
977
99
760
304
29
742
76
271
170
359
610
187
813
502
181
738
590
533
85
92
25
7
174
538
549
921
734
863
339
72
434
389
656
859
630
204
64
952
517
326
429
274
932
793
58
927
54
977
488
50
786
76
176
506
64
969
924
221
754
108
7
213
931
98
925
220
530
953
871
976
673
637
15
758
663
750
75
380
480
622
866
756
374
289
286
357
213
149
794
660
280
842
198
409
318
216
342
834
868
837
396
101
105
512
376
149
60
417
843
313
894
543
741
131
241
251
838
642
812
568
7
381
158
211
695
830
439
606
439
446
408
240
512
643
225
765
651
862
912
136
297
795
305
481
765
736
101
66
167
67
377
699
22
299
829
15
942
893
816
545
710
454
978
396
905
654
30
97
906
476
599
976
730
675
271
212
75
677
446
959
729
372
438
371
69
708
218
212
814
210
822
757
46
367
426
842
817
909
575
111
705
4
160
690
468
401
969
347
28
617
940
265
447
857
816
337
15
606
327
197
435
817
283
695
653
842
930
362
248
428
394
165
102
335
253
724
212
747
903
668
738
871
184
196
270
557
310
189
551
89
826
210
581
378
675
888
720
464
36
625
470
606
98
600
222
774
162
112
603
91
125
267
702
658
458
564
633
86
425
96
531
741
811
159
601
183
584
723
659
365
4
747
710
277
197
131
772
583
974
495
394
198
585
460
964
558
508
922
919
111
254
634
39
940
94
729
795
939
998
38
190
439
452
238
86
377
556
424
461
326
791
50
112
929
701
333
156
351
195
42
675
661
803
548
110
370
708
770
183
468
336
833
584
935
305
955
745
346
373
586
2
83
461
593
319
204
521
109
239
760
573
444
744
956
363
529
635
904
128
716
668
786
241
992
990
958
465
176
624
745
588
809
978
608
40
591
199
210
229
906
848
598
530
423
895
891
89
628
572
775
320
841
218
656
918
215
842
469
602
360
738
344
485
493
172
763
466
135
915
771
330
424
674
221
868
70
255
817
97
98
869
836
604
848
425
746
591
321
690
824
749
729
608
868
167
503
113
37
251
132
425
953
712
800
445
895
166
996
788
848
959
24
371
503
491
901
740
636
67
425
171
144
445
90
21
600
816
806
53
364
956
218
566
965
673
915
123
803
402
529
580
594
533
842
865
725
358
104
376
265
763
476
969
826
960
280
508
622
778
845
79
359
942
423
891
741
457
406
830
576
778
936
234
537
844
576
611
602
225
296
242
711
430
788
600
479
248
740
4
392
406
501
25
557
449
220
652
110
950
123
267
951
273
799
487
827
242
431
981
383
669
905
396
481
603
368
929
154
822
411
493
716
401
438
169
276
910
676
88
624
924
500
651
101
29
290
438
630
300
773
237
816
759
621
722
501
104
543
954
81
291
497
287
539
630
550
549
835
629
210
916
566
343
356
458
168
253
295
452
312
929
298
854
49
174
676
957
780
715
668
172
367
722
6
332
427
213
112
470
478
741
602
1
89
856
671
472
402
162
553
247
809
90
642
151
993
643
238
365
954
593
768
119
960
38
549
844
337
24
31
955
141
824
973
570
327
297
764
192
502
204
554
618
161
421
363
277
79
854
339
783
975
747
516
885
972
483
40
51
307
827
134
378
130
598
106
984
116
71
824
695
879
45
862
750
38
150
957
539
675
271
764
483
684
248
980
393
308
88
598
843
256
713
885
675
69
176
487
563
315
379
160
8
29
643
904
929
885
766
847
822
525
500
375
35
62
651
694
882
617
712
675
28
473
980
438
165
160
186
681
861
662
394
223
296
111
756
454
40
343
50
508
542
240
775
318
756
337
849
612
417
482
605
945
603
703
131
534
48
204
738
769
698
84
985
159
131
277
79
923
306
197
653
538
567
203
133
787
697
662
682
828
310
573
263
379
57
448
620
592
979
221
405
835
604
281
810
457
255
616
186
478
258
925
305
220
828
66
378
399
570
344
837
385
522
910
458
124
821
605
101
683
656
486
944
85
791
818
934
285
393
675
531
80
476
204
569
384
267
43
551
991
70
220
22
635
384
19
313
694
822
685
635
649
514
503
822
771
981
220
428
10
132
93
6
894
812
756
909
317
340
74
856
778
54
110
613
436
464
309
701
772
504
239
462
707
39
882
565
972
381
797
403
47
614
541
859
976
213
127
822
628
110
995
354
748
828
857
595
404
890
385
307
672
519
656
505
892
630
299
855
930
190
937
935
542
670
809
163
513
251
636
222
336
486
73
661
509
885
713
878
181
287
161
81
996
489
730
528
958
36
966
346
914
272
892
437
172
59
811
77
19
693
81
153
254
163
971
185
445
994
995
7
917
420
673
643
28
855
939
52
940
280
205
477
284
289
307
64
594
635
488
449
73
635
859
488
205
7
827
832
518
545
82
963
40
959
429
494
598
248
408
317
119
759
137
738
488
604
868
964
855
906
590
810
505
545
933
281
560
185
437
21
28
107
533
394
198
241
436
325
860
812
465
345
226
171
330
314
497
121
999
601
139
862
976
611
954
272
458
495
25
147
934
413
811
387
289
12
225
743
540
246
167
542
103
43
441
245
583
333
215
619
783
439
185
836
881
165
130
922
439
926
783
941
300
712
878
52
534
838
882
317
89
754
580
752
433
596
758
933
170
709
688
124
279
405
364
495
227
974
505
124
882
302
303
614
463
226
242
390
164
388
710
745
451
897
530
28
858
432
402
285
406
196
751
730
237
658
661
894
348
383
824
559
333
757
435
786
451
966
289
207
353
368
769
781
998
943
672
382
875
335
636
795
571
220
717
685
550
572
376
804
564
347
42
781
564
150
412
693
462
744
577
892
143
195
931
38
427
970
731
294
986
279
19
12
746
28
987
112
40
749
235
878
590
484
643
6
325
987
217
848
531
978
919
131
758
744
652
376
288
679
258
580
841
81
818
284
328
29
34
535
162
299
653
712
509
698
301
658
552
925
712
439
753
883
