20
75
88
60
14
51
21
11
30
50
75
41
74
9
75
72
10
53
54
46
51
10
47
73
24
37
63
51
34
80
59
41
64
85
15
9
43
21
47
12
56
82
1
89
80
30
99
9
13
0
39
74
6
17
64
9
28
14
35
77
88
70
76
49
91
33
76
89
93
66
28
88
6
41
89
68
9
57
93
93
38
54
37
33
41
84
34
46
20
5
81
29
85
70
24
86
6
51
98
46
54
9
15
47
71
50
68
65
28
96
0
70
21
42
38
33
32
42
7
6
99
29
68
87
84
99
3
35
16
3
62
57
58
46
39
28
39
89
62
91
15
69
18
24
5
10
7
43
31
90
53
63
44
91
47
24
40
27
63
72
47
32
48
24
33
42
11
74
3
9
94
43
80
16
91
29
10
44
82
73
92
59
4
26
50
99
13
66
99
15
87
11
26
89
43
82
21
94
90
63
98
32
40
22
95
9
82
27
0
17
13
96
45
89
79
87
28
22
74
34
29
45
75
87
21
82
17
90
72
8
8
16
53
18
75
59
19
81
30
40
16
85
66
81
1
91
66
36
10
56
53
99
20
56
34
53
57
52
0
13
92
91
55
92
9
96
42
26
14
20
68
46
91
33
17
43
79
93
86
30
16
80
80
16
54
8
96
96
84
21
1
67
81
17
47
24
30
73
71
5
48
40
22
90
88
6
7
86
38
90
74
63
66
70
97
12
11
39
37
1
0
45
41
92
18
0
65
74
86
92
13
5
22
80
81
75
57
90
27
47
1
9
57
94
46
38
1
11
19
34
13
91
35
70
4
2
99
29
72
87
41
32
99
46
77
69
41
85
88
21
54
21
11
90
0
90
87
46
46
80
99
54
54
51
79
22
69
52
76
78
76
27
17
40
6
68
9
11
17
77
96
15
22
98
80
92
79
45
70
14
14
52
83
92
87
87
78
48
66
55
99
89
8
9
45
26
3
70
84
32
80
76
29
68
83
84
31
56
71
87
42
24
82
62
63
23
44
25
53
18
89
61
45
62
78
6
6
12
52
53
88
9
60
37
33
38
23
15
8
3
55
21
77
79
12
74
7
46
46
22
82
77
16
65
42
19
30
67
90
76
77
18
3
18
98
32
63
44
28
24
0
29
17
50
63
67
84
65
49
3
99
60
66
30
70
11
92
95
95
14
7
55
24
31
25
36
18
59
81
80
10
63
17
21
21
53
60
66
2
74
34
65
18
87
77
17
52
73
47
86
40
68
48
14
17
44
4
85
24
26
49
25
84
68
92
35
42
45
9
17
50
25
93
21
79
42
37
37
54
8
84
45
11
94
40
42
14
2
4
76
48
75
42
75
25
9
81
49
94
41
74
6
63
30
35
14
75
27
35
74
6
67
30
15
42
4
13
89
28
50
20
39
41
32
68
75
83
17
96
69
61
88
42
13
34
77
81
81
58
26
66
87
67
29
69
81
44
26
32
20
96
91
20
44
20
34
65
31
61
60
30
57
31
65
12
18
24
17
81
65
22
32
30
2
83
33
71
11
62
86
30
57
85
75
73
70
67
98
92
99
11
49
19
98
95
9
56
2
17
51
56
27
44
67
98
64
60
18
60
87
62
53
69
75
29
72
72
56
91
42
50
26
24
81
53
73
12
32
6
74
77
69
94
10
30
3
12
17
77
9
9
49
37
5
36
57
80
44
68
23
36
99
10
74
1
30
3
63
13
25
51
27
11
86
9
93
59
58
45
26
60
54
79
82
32
0
88
19
44
95
92
68
63
83
37
77
58
19
9
99
99
49
3
52
57
81
37
50
95
43
98
21
99
42
63
82
20
28
42
0
41
83
18
18
32
83
64
28
49
32
34
39
49
45
26
11
50
27
24
50
62
38
23
1
96
70
69
21
20
55
57
30
77
8
57
16
30
85
19
74
17
8
0
63
9
59
72
53
15
52
31
93
3
91
37
2
60
17
21
61
14
43
8
94
75
4
61
40
87
10
80
65
7
50
33
54
37
60
91
37
97
15
5
68
23
63
26
86
70
55
55
12
64
57
60
74
0
5
88
5
97
32
66
5
71
66
85
53
58
83
65
0
25
83
64
99
37
40
70
11
77
74
69
32
54
67
0
49
90
58
53
31
71
86
39
65
49
0
96
57
77
72
28
87
90
55
86
80
93
60
36
59
35
76
27
22
62
33
50
3
65
36
63
99
29
33
28
39
43
98
49
37
43
13
33
5
46
82
42
98
80
20
56
29
21
94
96
95
58
16
2
15
49
92
92
41
8
28
57
56
27
47
36
94
11
99
15
21
42
22
76
80
91
51
22
44
79
34
77
35
36
33
80
27
96
33
88
51
20
92
96
18
24
85
71
33
83
61
17
22
78
75
52
36
40
21
24
97
69
47
61
73
50
22
20
94
67
9
98
77
10
64
1
50
25
58
56
5
80
89
61
18
17
55
56
61
81
44
86
74
9
90
81
73
30
22
67
2
64
77
66
73
63
40
12
14
73
1
10
82
65
19
17
80
85
43
56
95
65
59
13
22
23
23
68
19
83
28
19
3
90
54
40
2
23
88
55
76
43
42
87
79
33
4
9
89
73
0
87
87
66
72
36
5
64
43
50
39
72
92
30
45
82
7
91
11
78
14
57
97
88
79
52
23
72
33
89
19
14
78
45
82
40
31
36
18
17
34
38
79
37
16
4
50
11
41
96
26
12
98
11
59
43
89
99
86
19
13
33
30
53
31
24
94
46
47
5
50
70
73
93
43
75
77
59
71
75
1
11
30
37
63
6
16
67
86
39
51
32
50
98
4
1
7
25
6
91
9
4
63
36
45
55
38
4
67
83
65
29
27
10
18
1
2
93
90
24
7
27
60
8
53
18
20
75
89
42
67
51
53
80
65
97
47
94
91
7
68
12
99
2
73
21
4
39
79
2
99
14
35
82
83
82
43
55
82
26
35
62
14
25
15
14
76
47
44
20
54
7
1
83
56
95
27
58
34
32
13
80
95
87
42
53
16
71
96
82
53
92
12
65
72
5
97
74
86
59
45
57
95
59
47
91
13
51
25
88
55
85
20
50
12
55
67
26
82
62
97
4
50
61
66
61
95
35
10
50
97
52
71
75
86
56
85
36
39
51
39
64
45
8
27
68
71
62
52
17
38
70
92
23
61
40
6
33
92
85
96
77
41
75
90
3
13
45
63
56
70
30
87
31
23
33
59
42
34
98
90
32
83
93
11
26
59
48
13
46
49
51
44
53
54
61
23
69
17
23
54
25
99
95
47
8
83
61
99
28
81
63
98
94
95
63
93
47
63
63
43
65
32
16
6
18
86
33
76
62
9
89
25
10
43
64
33
88
46
3
42
98
48
84
65
85
52
49
58
91
67
75
6
53
80
89
93
82
88
28
21
50
84
37
19
91
38
88
50
30
30
5
0
59
21
44
16
47
51
21
65
36
75
85
94
33
83
72
30
53
70
51
99
17
82
92
14
11
65
73
47
64
99
27
60
61
74
46
32
35
73
45
30
67
63
84
75
98
42
85
8
66
58
97
59
78
5
83
77
28
30
4
82
78
73
1
37
47
24
32
58
36
39
94
80
24
20
32
54
97
17
15
69
80
64
81
6
2
67
82
56
91
69
3
4
68
63
51
93
61
47
27
74
9
26
72
26
63
16
34
57
73
28
80
11
15
35
2
13
92
95
35
80
42
76
67
66
35
89
12
61
68
38
92
50
90
40
59
53
92
54
42
85
32
24
82
63
89
92
89
32
61
38
1
66
11
46
31
33
59
5
90
74
4
73
89
35
35
30
20
74
76
48
21
37
53
50
48
18
93
3
77
42
0
79
99
30
36
26
38
43
8
26
93
86
63
67
81
58
35
47
27
59
72
14
56
13
16
64
13
61
98
13
39
55
27
48
73
25
74
58
98
9
91
77
66
50
54
34
73
85
69
89
83
45
76
18
70
86
22
86
14
72
13
76
45
95
86
38
58
15
94
55
84
76
49
18
67
94
48
6
58
81
90
27
92
8
30
93
79
9
77
87
2
88
44
25
96
15
32
70
63
16
75
58
91
13
5
6
96
57
50
75
38
16
27
32
82
85
84
36
64
92
58
49
38
6
53
96
32
23
22
52
62
77
42
42
5
31
36
79
3
24
97
22
58
1
48
85
60
11
43
10
31
95
6
70
57
26
19
84
59
9
73
72
34
98
12
61
74
85
27
50
48
4
32
40
95
36
90
36
57
67
35
20
80
11
21
67
70
71
84
79
11
51
19
94
50
24
87
60
88
87
11
74
84
92
61
26
62
66
75
21
35
83
26
92
73
52
91
23
76
45
90
2
1
48
38
97
85
38
89
70
49
30
47
70
56
60
36
88
49
95
4
4
96
62
43
28
24
27
20
97
32
63
83
43
97
8
73
36
53
64
41
23
76
4
72
5
36
56
35
12
16
3
73
81
40
86
6
38
4
10
72
57
18
92
38
85
46
3
72
48
86
0
34
85
53
80
27
91
90
37
92
67
91
7
81
28
90
1
2
11
1
35
31
43
92
83
5
84
66
87
58
32
83
87
26
16
69
88
28
59
58
15
47
67
17
4
65
10
10
9
94
45
1
61
46
51
68
90
93
70
75
42
25
3
78
60
84
4
81
65
58
2
73
42
52
86
87
63
26
87
17
94
74
57
92
13
30
22
40
74
47
79
95
57
84
16
90
44
88
57
20
61
29
45
50
92
71
58
9
60
63
5
64
5
53
80
68
68
11
65
29
62
64
6
17
79
7
16
58
35
96
43
75
68
67
56
65
28
6
99
41
72
12
79
10
42
15
89
3
3
48
21
33
23
28
58
96
22
27
71
85
55
0
73
64
20
30
95
38
97
15
40
61
11
23
57
49
84
95
75
64
17
12
54
87
74
9
51
40
8
59
42
0
35
14
85
71
38
15
90
11
19
51
6
87
7
60
21
99
70
8
11
26
52
6
68
43
45
86
90
11
78
55
29
37
73
39
25
97
37
85
11
69
5
63
44
66
5
67
79
13
87
51
69
0
47
15
48
28
45
42
26
52
25
79
33
64
21
68
14
68
34
24
61
85
97
42
20
88
62
2
37
78
6
76
23
26
85
29
90
57
91
97
51
95
58
59
43
26
30
80
44
37
52
11
78
63
89
84
2
5
94
60
66
43
4
47
45
49
55
6
78
92
78
56
76
37
72
66
26
38
98
94
57
81
57
0
25
94
97
59
36
1
26
85
62
31
30
7
90
10
13
94
70
24
1
51
58
96
35
41
90
23
57
64
6
0
2
84
85
4
22
51
51
95
69
77
66
93
93
45
7
64
75
15
25
3
23
33
79
5
41
28
59
56
69
13
43
61
78
62
28
45
21
86
88
61
43
74
54
24
85
65
3
89
33
25
48
41
39
2
77
69
5
79
62
93
91
95
26
56
33
4
14
31
16
61
43
88
27
63
60
48
78
55
20
76
25
69
22
44
64
1
22
76
85
59
40
41
23
94
69
47
48
98
91
81
50
72
72
72
82
59
14
75
41
28
91
49
59
85
67
21
72
82
91
31
82
38
45
57
20
1
64
32
93
12
99
79
63
39
26
53
97
49
61
5
87
46
34
56
68
90
82
38
27
47
75
66
6
59
99
12
26
14
52
81
94
82
81
28
28
11
86
20
59
14
24
23
20
86
44
35
3
88
89
29
18
26
5
45
37
33
73
3
39
14
27
82
97
80
10
5
64
5
28
56
4
61
78
12
23
51
46
20
15
63
8
37
25
22
62
67
76
36
91
95
37
82
80
45
86
42
25
39
76
38
70
98
60
32
24
57
48
92
22
85
86
52
88
75
5
90
56
74
17
42
28
28
14
33
19
22
80
32
26
81
25
6
44
77
93
9
76
92
97
5
19
84
13
5
8
85
94
5
39
96
85
51
21
33
10
41
83
27
13
2
76
15
66
41
60
80
8
10
82
95
13
64
76
12
23
44
15
9
24
34
28
75
92
29
95
74
85
10
66
51
26
48
78
95
28
3
18
72
45
28
76
83
22
43
82
20
74
9
9
65
26
74
2
79
74
1
23
36
45
85
94
98
43
30
69
64
85
81
83
20
26
42
64
96
57
45
52
49
46
74
0
76
0
1
25
51
45
99
21
27
80
82
27
59
33
77
39
92
73
18
35
92
25
89
39
83
10
6
21
28
48
73
89
70
84
18
97
42
5
18
18
86
60
56
40
44
15
4
63
80
6
60
75
28
39
7
50
10
61
41
41
39
77
92
79
6
92
56
75
14
80
96
87
55
99
49
32
69
49
95
67
6
42
41
22
87
98
60
31
76
67
86
81
63
76
78
8
67
76
33
51
59
28
49
99
9
73
19
29
90
75
81
61
65
74
35
97
35
69
91
7
31
25
98
46
93
14
23
78
20
40
65
92
15
44
8
77
93
41
12
14
78
31
40
1
86
25
15
89
41
81
73
97
85
25
19
33
30
2
6
94
49
41
8
49
9
89
45
21
65
57
3
93
56
76
29
0
84
96
60
67
98
34
36
39
67
67
6
89
24
74
46
91
35
18
65
37
23
91
91
96
79
94
23
84
77
79
40
8
96
19
49
33
41
38
95
14
4
69
82
42
82
55
96
90
10
12
58
38
11
91
77
93
5
63
87
4
10
52
61
87
27
98
93
5
25
13
49
96
22
50
33
53
8
49
14
24
98
33
73
65
21
1
97
5
42
55
28
78
50
91
3
51
8
94
14
84
62
90
64
97
63
61
16
61
58
23
84
55
49
63
6
77
79
95
66
25
1
88
63
70
85
70
45
30
46
81
45
13
34
29
61
7
68
75
2
59
84
35
47
18
70
72
29
86
85
26
72
12
28
89
83
74
27
94
12
92
15
86
15
76
78
70
20
19
2
98
9
3
93
6
40
65
40
44
99
12
41
58
44
20
9
32
85
45
46
86
80
73
63
9
43
98
20
70
40
0
52
10
84
86
17
68
18
21
48
17
33
82
95
0
50
56
41
94
66
45
85
75
72
15
18
35
40
84
62
42
44
69
4
99
59
31
74
57
2
41
14
63
96
28
53
97
78
63
58
86
56
25
4
95
14
77
37
69
68
82
28
34
58
6
73
63
78
96
40
19
82
83
92
24
31
21
78
44
62
21
57
77
25
76
85
19
65
8
84
82
94
5
89
20
13
79
5
90
55
89
18
81
22
39
4
73
33
79
64
93
98
93
6
47
25
51
9
82
21
53
98
69
12
57
25
77
94
71
11
51
16
87
88
72
2
75
54
85
71
12
85
85
44
91
83
0
98
42
95
62
69
22
69
1
91
49
69
65
14
27
78
61
68
12
76
11
4
34
44
49
96
24
10
8
67
12
24
21
73
24
78
52
76
49
81
94
18
86
81
53
6
88
70
44
33
24
17
31
14
72
96
64
97
45
65
45
11
60
33
78
24
48
91
90
48
26
85
18
31
82
92
17
52
91
43
8
53
66
75
43
94
93
6
1
28
14
54
30
83
35
82
58
53
2
28
57
97
80
95
7
38
98
0
32
80
78
11
5
2
57
92
44
85
89
83
31
41
90
61
34
71
55
35
95
99
34
64
50
62
85
11
72
71
67
5
96
92
74
20
49
2
48
28
26
43
38
72
63
18
97
16
6
18
60
35
83
63
5
32
45
13
60
42
16
45
19
73
17
84
87
38
67
69
11
31
23
27
8
51
61
61
1
31
65
69
4
54
10
32
22
32
86
41
74
36
41
5
11
81
24
64
55
78
30
58
48
36
6
29
11
55
55
54
71
84
12
29
77
46
40
64
63
84
62
55
52
26
95
75
89
17
15
27
26
97
6
22
1
7
21
68
47
81
20
66
77
32
70
90
23
12
28
65
40
59
1
70
15
75
6
22
41
31
39
94
40
28
27
74
77
89
27
70
25
72
17
81
64
96
78
19
55
4
51
77
89
50
86
66
95
36
7
26
0
99
26
16
42
26
25
48
5
96
12
34
85
58
39
67
42
19
6
19
96
87
66
37
79
61
4
89
41
60
78
41
82
1
69
26
45
0
39
37
71
29
13
59
91
17
92
31
10
18
23
75
29
88
29
13
32
89
37
80
21
35
7
44
17
71
51
83
88
13
22
42
80
68
48
67
73
6
45
61
69
73
79
22
36
2
11
94
72
55
93
55
63
58
15
35
22
69
41
19
66
8
42
96
96
81
95
60
39
62
40
26
44
76
10
48
56
84
8
15
59
57
11
32
20
66
78
21
53
12
44
4
65
25
95
60
30
82
25
54
6
50
54
10
15
66
11
86
47
66
78
37
60
26
59
9
97
9
76
30
2
74
7
27
17
35
61
18
81
50
18
73
59
53
8
9
2
0
17
53
54
92
73
86
33
7
43
38
65
85
63
20
6
95
51
32
42
27
93
79
5
92
5
97
48
5
78
7
17
50
6
96
92
22
75
10
0
21
93
9
92
22
53
95
87
97
67
63
1
75
66
75
7
38
48
62
86
75
37
28
28
35
21
14
79
66
28
84
19
40
31
21
34
83
86
83
39
10
10
51
37
14
6
41
84
31
89
54
74
13
24
25
83
64
81
56
0
38
15
21
69
83
43
60
43
44
40
24
51
64
22
76
65
86
91
13
29
79
30
48
76
73
10
6
16
6
37
69
2
29
82
1
94
89
81
54
71
45
97
39
90
65
3
9
90
47
59
97
73
67
27
21
7
67
44
95
72
37
43
37
6
70
21
21
81
21
82
75
4
36
42
84
81
90
57
11
70
0
16
69
46
40
96
34
2
61
94
26
44
85
81
33
1
60
32
19
43
81
28
69
65
84
93
36
24
42
39
16
10
33
25
72
21
74
90
66
73
87
18
19
27
55
31
18
55
8
82
21
58
37
67
88
72
46
3
62
47
60
9
60
22
77
16
11
60
9
12
26
70
65
45
56
63
8
42
9
53
74
81
15
60
18
58
72
65
36
0
74
71
27
19
13
77
58
97
49
39
19
58
46
96
55
50
92
91
11
25
63
3
94
9
72
79
93
99
3
19
43
45
23
8
37
55
42
46
32
79
5
11
92
70
33
15
35
19
4
67
66
80
54
11
37
70
77
18
46
33
83
58
93
30
95
74
34
37
58
0
8
46
59
31
20
52
10
23
76
57
44
74
95
36
52
63
90
12
71
66
78
24
99
99
95
46
17
62
74
58
80
97
60
4
59
19
21
22
90
84
59
53
42
89
89
8
62
57
77
32
84
21
65
91
21
84
46
60
36
73
34
48
49
17
76
46
13
91
77
33
42
67
22
86
7
25
81
9
9
86
83
60
84
42
74
59
32
69
82
74
72
60
86
16
50
11
3
25
13
42
95
71
80
44
89
16
99
78
84
95
2
37
50
49
90
74
63
6
42
17
14
44
9
2
60
81
80
5
36
95
21
56
96
67
91
12
80
40
52
58
59
53
84
86
72
35
10
37
26
76
47
96
82
96
28
50
62
77
84
7
35
94
42
89
74
45
40
83
57
77
93
23
53
84
57
61
60
22
29
24
71
43
78
60
47
24
74
0
39
40
50
2
55
44
22
65
11
95
12
26
95
27
79
48
82
24
43
98
38
66
90
39
48
60
36
92
15
82
41
49
71
40
43
16
27
91
67
8
62
92
50
65
10
2
29
43
63
30
77
23
81
75
62
72
50
10
54
95
8
29
49
28
53
63
55
54
83
62
21
91
56
34
35
45
16
25
29
45
31
92
29
85
4
17
67
95
78
71
66
17
36
72
0
33
42
21
11
47
47
74
60
0
8
85
67
47
40
16
55
24
80
9
64
15
99
64
23
36
95
59
76
11
96
3
54
84
33
2
3
95
14
82
97
57
32
29
76
19
50
20
55
61
16
42
36
27
7
85
33
78
97
74
51
88
97
48
4
5
30
82
13
37
13
59
10
98
11
7
82
69
87
4
86
75
3
15
95
53
67
27
76
48
68
24
98
39
30
8
59
84
25
71
88
67
6
17
48
56
31
37
16
0
2
64
90
92
88
76
84
82
52
50
37
3
6
65
69
88
61
71
67
2
47
98
43
16
16
18
68
86
66
39
22
29
11
75
45
4
34
5
50
54
24
77
31
75
33
84
61
41
48
60
94
60
70
13
53
4
20
73
76
69
8
98
15
13
27
7
92
30
19
65
53
56
20
13
78
69
66
68
82
31
57
26
37
5
44
62
59
97
22
40
83
60
28
81
45
25
61
18
47
25
92
30
22
82
6
37
39
57
34
83
38
52
91
45
12
82
60
10
68
65
48
94
8
79
81
93
28
39
67
53
8
47
20
56
38
26
4
55
99
7
22
2
63
38
1
31
69
82
68
63
64
51
50
82
77
98
22
42
1
13
9
0
89
81
75
90
31
34
7
85
77
5
11
61
43
46
30
70
77
50
23
46
70
3
88
56
97
38
79
40
4
61
54
85
97
21
12
82
62
11
99
35
74
82
85
59
40
89
38
30
67
51
65
50
89
63
29
85
93
19
93
93
54
67
80
16
51
25
63
22
33
48
7
66
50
88
71
87
18
28
16
8
99
48
73
52
95
3
96
34
91
27
89
43
17
5
81
7
1
69
8
15
25
16
97
18
44
99
99
0
91
42
67
64
2
85
93
5
94
28
20
47
28
28
30
6
59
63
48
44
7
63
85
48
20
0
82
83
51
54
8
96
4
95
42
49
59
24
40
31
11
75
13
73
48
60
86
96
85
90
59
81
50
54
93
28
56
18
43
2
2
10
53
39
19
24
43
32
86
81
46
34
22
17
33
31
49
12
99
60
13
86
97
61
95
27
45
49
2
14
93
41
81
38
28
1
22
74
54
24
16
54
10
4
44
24
58
33
21
61
78
43
18
83
88
16
13
92
43
92
78
94
30
71
87
5
53
83
88
31
8
75
58
75
43
59
75
93
17
70
68
12
27
40
36
49
22
97
50
12
88
30
30
61
46
22
24
39
16
38
71
74
45
89
53
2
85
43
40
28
40
19
75
73
23
65
66
89
34
38
82
55
33
75
43
78
45
96
28
20
35
36
76
78
99
94
67
38
87
33
63
79
57
22
71
68
55
57
37
80
56
34
4
78
56
15
41
69
46
74
57
89
14
19
93
3
42
97
73
29
98
27
1
1
74
2
98
11
4
74
23
87
59
48
64
0
32
98
21
84
53
97
91
13
75
74
65
37
28
67
25
58
84
8
81
28
32
2
3
53
16
29
65
71
50
69
30
65
55
92
71
43
75
88
